000772420457
012914138861
0194735106646
0194735201471
0194735268122
0194735286416
0194735294527
01947352959953
019756611149
019756611453
036881473336
043377834472
045557890162
045557890179
05010993919581
0686141550521
0703558839473
0778988459966
0778988503843
0887961874907
0889698739320
191726426172
191726429012
191726717614
191726754800
191726797289
191726799160
191726820628
192995404793
194735030927
194735043576
194735063628
194735122127
194735135769
194735148219
194735173723
194735173990
194735193899
194735194551
194735264216
194735264483
194735265329
194735293421
194735295227
194735303922
194735307586
194735315994
194735317196
194735331857
194735340422
195130014413
195166206882
195166212548
195166246819
195166247700
195166254326
195166256313
195166264509
195166266299
195166286716
196566198562
3417762318033
3417762337034
35063389170630
3760280560546
3760280560560
3770019647141
3770019647707
3770019647721
4006592038748
4006592414566
4006592919450
4008789709261
4251715402771
4251715413890
4549660929161
4895217550020
5010993797615
5010993836437
5010993839438
5010993843992
5010993853250
5010993853854
5010993929306
5010993931910
5010993949038
5010993958368
5010993970001
5010994111960
5010994122270
5010994138875
5010994164669
5010994168001
5010994180089
5010994181048
5010994184162
5010994185053
5010994187934
5010994189280
5010994202149
5010996108258
5010996113382
5010996133700
5010996151773
5010996160423
5010996194589
5010996195821
5010996197078
5010996197276
5010996197290
5010996204424
5010996204448
5010996204936
5010996206770
5010996209429
5010996213310
5010996215086
5010996222626
5010996222725
5010996223739
5010996227393
5010996227447
5010996231666
5010996234896
5010996235565
5010996250759
5010996254016
5010996254078
5010996254221
5010996258533
5010996262585
5010996269577
5010996269584
5010996274953
5010996285447
5010996285829
5010996290908
5010996292018
5010996293602
5010996297686
5010996307910
5010996308016
5010996308955
5010996309266
5010996312747
5010996322999
5010996327154
5010996328175
5010996328212
5010996332875
5010996342690
5010996347602
5010996361264
5011666734272
5014475020581
5050116377720
5053750714784
5053750746679
5053750747133
5053750748918
5053750767155
5054480485241
5055394026070
5056297201236
5056297213321
5056297219705
5056297219729
5056297240495
5056297241379
5056297241386
5060023420099
5060377425320
5060506539096
5060703830033
5060959630029
5060959630203
5060959630210
5063389049461
5411068303128
601982026905
601982043285
603765375750
630509870653
634482850145
634482902820
634482906866
653569346807
681147018068
681147055018
681147093386
681147093393
6942138967869
6942138967890
6947731054398
6947731057559
6975472671161
6975472672540
6975472674117
6975472674230
6975472674568
6975472677064
6975472677149
729220010315
736970682105
745000582013
745000582020
7640139533524
778988206508
778988443361
778988508541
787926163193
800144444810
8005125350902
801310337844
8056379134497
810059780910
810059782877
810059786974
810083044323
810083044330
811039039950
811039039967
826956201502
826956400509
8436605113883
8436605114415
849421006808
849421006822
849421009441
849421009458
849421010126
849421010171
849421010522
849421010539
850034738093
850034738109
850034738208
850034738802
8809699514612
8809900354990
8809900355041
887961941883
887961955361
887961988895
887961991888
889698447157
889698498012
889698519021
889698519311
889698609173
889698641944
889698656108
889698656504
889698679336
889698686518
889698686525
889698689595
889698690812
889698691208
889698692502
889698692526
889698721691
889698722353
889698722377
889698724944
889698726177
889698755719
889698755726
889698755733
889698755801
889698756044
889698757188
889698759731
889698760157
889698760218
889698760881
889698765299
889698765329
889698765381
889698767323
889698791588
889698797443
889698797559
889698797832
889698800396
889698800419
889698802536
889698810661
889698811828
889698841337
889698862516
889698862622
889698863087
889698863919
889698866330
889698866347
889698866354
889698866361
889698866699
889698866712
889698866729
889698866736
889698866743
889698866798
889698866934
889698871747
889698872287
889698925013
9321104872531
