30095151
30095434
30095540
30096943
30096950
30096974
30097018
30097056
30097186
30101197
30101203
30101470
30108028
30108264
30116320
30118874
30119581
30119734
30121645
30122512
30137219
30137318
30137417
30137509
30138285
30138322
30138513
30138544
30141575
30141582
30141643
30141704
30141735
30144491
30144804
30144897
30144958
30145061
30145191
30145214
30145511
30145542
30147232
30147362
30147508
30147966
30149489
30149502
30149519
30149663
30149793
30150065
30150140
30150157
30150171
30152021
30152342
30152472
30152854
30153059
30153196
30153202
30154940
30159495
30159501
30159686
30162020
30162068
30164062
30164628
30164659
30164819
30166394
30166646
30167094
30167131
30167186
30171886
30172852
30173422
30174115
30174122
30174191
30174207
30175273
30175280
30175594
30175600
30175792
3052503261911
3052503407661
3600522337072
3600522337133
3600522337188
3600522862468
3600522996439
3600522996521
3600522996590
3600522996743
3600523174997
3600523240852
3600523240869
3600523240876
3600523240890
3600523240937
3600523252954
3600523309368
3600523309825
3600523348008
3600523399956
3600523400027
3600523437771
3600523483464
3600523483471
3600523483495
3600523483501
3600523497706
3600523497744
3600523500178
3600523500192
3600523500222
3600523500239
3600523500246
3600523500277
3600523500284
3600523543670
3600523543786
3600523560622
3600523560813
3600523560837
3600523560899
3600523584802
3600523584819
3600523611935
3600523635627
3600523635689
3600523641529
3600523674596
3600523674602
3600523674633
3600523674640
3600523675241
3600523677870
3600523700455
3600523729029
3600523729050
3600523729067
3600523729074
3600523783731
3600523783809
3600523784394
3600523784400
3600523784462
3600523784479
3600523784486
3600523784493
3600523784509
3600523784516
3600523784547
3600523784554
3600523793815
3600523793846
3600523793860
3600523793877
3600523793891
3600523793907
3600523794829
3600523794836
3600523794881
3600523794911
3600523794942
3600523880096
3600523918430
3600523918584
3600523918638
3600523918683
3600523919284
3600523971374
3600523989973
3600523999934
3600523999965
3600524069988
3600524070021
3600524079529
3600524079574
3600530124848
3600530373048
3600530373062
3600530554140
3600530575428
3600530575442
3600530575473
3600530575480
3600530575503
3600530588039
3600530659180
3600530695768
3600530695799
3600530695904
3600530695966
3600530704279
3600530705610
3600530777631
3600530803873
3600530828036
3600530837953
3600530837991
3600530851836
3600530851881
3600530862122
3600530870585
3600530901890
3600530901906
3600530924424
3600530958023
3600530958030
3600530958047
3600530958085
3600530958122
3600530958139
3600530958153
3600531030049
3600531030063
3600531030124
3600531038250
3600531085377
3600531087395
3600531129293
3600531222925
3600531222932
3600531224424
3600531224448
3600531224462
3600531224516
3600531294663
3600531300357
3600531303082
3600531309275
3600531312640
3600531322168
3600531324896
3600531349752
3600531349776
3600531349790
3600531352349
3600531355432
3600531359072
3600531359850
3600531361006
3600531361495
3600531363857
3600531365837
3600531367244
3600531369361
3600531369392
3600531369408
3600531369484
3600531371678
3600531371685
3600531376772
3600531388126
3600531388164
3600531395506
3600531395513
3600531395520
3600531395537
3600531395544
3600531395551
3600531400309
3600531400316
3600531411091
3600531411145
3600531413019
3600531413033
3600531414603
3600531414665
3600531417291
3600531422264
3600531429539
3600531434625
3600531443368
3600531443412
3600531443511
3600531453404
3600531453428
3600531453435
3600531453459
3600531453473
3600531453497
3600531464141
3600531464257
3600531465216
3600531469429
3600531469436
3600531469467
3600531505813
3600531505820
3600531505844
3600531505868
3600531507268
3600531513412
3600531513443
3600531513450
3600531513474
3600531524159
3600531524166
3600531524180
3600531524203
3600531529000
3600531529017
3600531531119
3600531531133
3600531539900
3600531543334
3600531543365
3600531544638
3600531546410
3600531549374
3600531549381
3600531553333
3600531561277
3600531579050
3600531581466
3600531589332
3600531591304
3600531591342
3600531606497
3600531606503
3600531606510
3600531606527
3600531609757
3600531624804
3600531630164
3600531630218
3600531630317
3600531630416
3600531631383
3600531631390
3600531632328
3600531632335
3600531632342
3600531632359
3600531632373
3600531632403
3600531632427
3600531632489
3600531632519
3600531632533
3600531632649
3600531632717
3600531639501
3600531639600
3600531640262
3600531643188
3600531647940
3600531647964
3600531647988
3600531648008
3600531650711
3600531650728
3600531650735
3600531650759
3600531652432
3600531658113
3600531666606
3600531666613
3600531666699
3600531666705
3600531666729
3600531668402
3600531668419
3600531668495
3600531687199
3607342596184
3607345379104
3607349610319
3614220954097
3614221353257
3614222986058
3614222986072
3614222986089
3614222986096
3614222986119
3614222986126
3614223395514
3614223912162
3614224076528
3614224843908
3614225451614
3614225451621
3614225463709
3614225851568
3614225851575
3614225975356
3614225975363
3614225975387
3614225975424
3614225975455
3614225975462
3614225975486
3614225975493
3614225975509
3614226323026
3614226471208
3614226899736
3614227786325
3614227786363
3614227786370
3614227902213
3614227914797
3614227923454
3614227924307
3614227927421
3614227962903
3614228081153
3614228342551
3614228342575
3614228342582
3614228342599
3614228413411
3614228413428
3614228413442
3614229310016
3614229310030
3614229310047
3614229310078
3614229455427
3614229455441
3614229455458
3616301231066
3616301231080
3616301231158
3616301231196
3616301524502
3616301524519
3616301901822
3616302638628
3616302638635
3616302638642
3616302638758
3616302638772
3616302989638
3616302989676
3616302989683
3616302990139
3616302990177
3616302990207
3616302990214
3616302990610
3616302990672
3616303184285
3616303184292
3616303184308
3616303252625
3616304615054
3616304615207
4015400903925
4084500694293
5011408132199
5021044114091
5021044123666
5021044123680
74170454161
74170454208
74170459234
74170463798
79400204387
8005610434049
8005610434124
8005610629520
800897077877
800897077884
800897108014
800897108120
800897108137
800897108342
800897108359
800897123284
800897131074
800897131227
800897140434
800897157180
800897157234
800897157395
800897181116
800897181284
800897182304
800897183745
800897196981
800897197018
800897198060
800897225421
800897848965
96137581
