30080232
30095151
30095168
30095359
30095434
30095540
30096783
30096806
30096813
30096943
30096950
30096974
30097018
30097049
30097056
30097186
30097711
30100749
30100763
30100879
30100886
30100893
30100909
30100916
30100923
30101135
30101197
30101203
30101470
30102378
30102385
30102637
30104877
30105140
30105157
30105614
30105744
30106932
30107052
30107083
30107274
30108028
30108264
30108387
30109193
30109216
30109292
30110632
30110717
30110809
30110885
30112438
30115859
30115996
30116252
30116290
30116320
30116337
30116351
30116368
30116900
30117471
30117952
30118041
30118874
30119093
30119109
30119147
30119178
30119185
30119581
30119734
30120501
30120532
30120549
30120693
30120839
30121119
30121621
30121645
30122031
30122130
30122512
30122727
30122871
30136069
30137219
30137226
30137318
30137417
30137509
30137561
30137769
30138285
30138322
30138438
30138513
30138544
30139084
30139398
30141131
30141469
30141506
30141575
30141582
30141643
30141704
30141735
30141810
30142213
30143586
30143692
30143722
30143951
30144491
30144705
30144804
30144828
30144835
30144859
30144897
30144958
30145061
30145085
30145092
30145108
30145115
30145122
30145139
30145191
30145214
30145238
30145474
30145511
30145542
30146778
30146945
30147010
30147072
30147232
30147256
30147263
30147362
30147386
30147508
30147645
30147652
30147669
30147676
30147683
30147744
30147935
30147966
30148024
30148031
30148055
30149427
30149489
30149502
30149519
30149663
30149793
30149816
30149823
30149946
30149984
30150065
30150140
30150157
30150171
30150201
30150218
30150225
30150232
30150249
30150355
30150508
30150676
30152021
30152342
30152373
30152472
30152496
30152502
30152731
30152755
30152762
30152779
30152786
30152793
30152809
30152854
30153141
30153165
30153202
30153233
30154803
30154834
30154940
30157095
30158528
30158696
30158900
30158924
30159372
30159495
30159501
30159686
30161245
30161405
30162020
30162051
30162068
30162204
30162525
30164062
30164628
30164659
30164819
30166394
30166646
30167056
30167094
30167131
30167186
30167193
30167308
30168725
30169432
30169449
30169487
30171886
30172852
30173392
30173422
30173507
30173514
30173538
30173545
30174078
30174115
30174122
30174191
30174207
30174955
30175273
30175280
30175396
30175440
30175594
30175600
3017563210071
30175778
30175792
30176171
30176539
30177222
30177260
30177307
30177352
30177413
30177932
30178021
30178069
30178250
30178557
30179158
30179356
30180994
30181007
30181014
30181021
30181038
30181045
30181052
30181069
30181076
30181663
3052503261911
3052503407661
3052503952307
3600522337072
3600522337133
3600522337188
3600522432456
3600522458333
3600522860792
3600522860815
3600522862468
3600522862550
3600522869252
3600522869269
3600522996439
3600522996521
3600522996552
3600522996576
3600522996590
3600522996712
3600522996736
3600522996743
3600522996767
3600522996798
3600523116171
3600523156887
3600523163434
3600523170951
3600523171002
3600523174997
3600523175093
3600523240821
3600523240852
3600523240869
3600523240876
3600523240890
3600523240937
3600523244478
3600523252954
3600523252961
3600523296057
3600523309368
3600523309825
3600523309863
3600523341559
3600523341603
3600523343072
3600523347995
3600523348008
3600523348015
3600523348022
3600523348084
3600523348091
3600523351596
3600523354177
3600523354450
3600523354474
3600523367320
3600523399956
3600523400027
3600523438198
3600523438204
3600523482122
3600523482153
3600523482177
3600523483396
3600523483402
3600523483419
3600523483433
3600523483440
3600523483464
3600523483471
3600523483488
3600523483495
3600523483501
3600523485581
3600523485598
3600523485642
3600523485666
3600523497706
3600523497744
3600523500178
3600523500192
3600523500222
3600523500246
3600523500253
3600523500277
3600523500284
3600523503384
3600523515653
3600523515677
3600523515684
3600523515752
3600523518272
3600523527892
3600523527908
3600523531578
3600523535903
3600523540334
3600523543670
3600523543786
3600523560622
3600523560899
3600523563524
3600523563555
3600523584802
3600523584819
3600523603107
3600523603169
3600523611911
3600523611935
3600523612321
3600523613861
3600523613878
3600523614424
3600523635627
3600523635689
3600523641529
3600523643875
3600523674596
3600523674602
3600523674633
3600523674640
3600523675203
3600523675234
3600523675241
3600523675661
3600523677870
3600523677900
3600523689590
3600523700455
3600523729029
3600523729067
3600523729074
3600523747252
3600523777419
3600523777426
3600523777440
3600523783731
3600523783809
3600523784394
3600523784400
3600523784424
3600523784462
3600523784479
3600523784493
3600523784509
3600523784516
3600523784547
3600523784554
3600523793815
3600523793822
3600523793846
3600523793853
3600523793860
3600523793877
3600523793884
3600523793891
3600523793907
3600523794829
3600523794836
3600523794867
3600523794881
3600523794898
3600523794904
3600523794911
3600523794942
3600523794966
3600523799770
3600523799794
3600523799817
3600523799848
3600523802043
3600523802050
3600523802067
3600523827398
3600523827794
3600523864058
3600523880041
3600523880089
3600523880096
3600523880140
3600523918430
3600523918539
3600523918584
3600523918638
3600523918683
3600523919284
3600523952397
3600523956043
3600523957378
3600523957415
3600523957477
3600523971329
3600523971343
3600523971350
3600523971374
3600523971381
3600523989966
3600523989973
3600523999934
3600523999965
3600524022150
3600524048914
3600524048945
3600524050832
3600524050849
3600524051921
3600524051938
3600524051969
3600524052294
3600524057428
3600524057534
3600524057565
3600524069988
3600524070236
3600524079529
3600524079536
3600524079574
3600524082185
3600524105174
3600524105181
3600530118069
3600530373048
3600530373055
3600530373062
3600530472635
3600530521944
3600530554140
3600530559794
3600530575428
3600530575435
3600530575442
3600530575473
3600530575480
3600530575527
3600530588039
3600530659180
3600530695768
3600530695799
3600530695904
3600530695966
3600530705610
3600530775774
3600530777631
3600530803873
3600530817375
3600530828036
3600530833115
3600530833122
3600530833146
3600530837953
3600530851836
3600530851881
3600530862122
3600530870585
3600530872992
3600530901890
3600530901906
3600530905461
3600530905553
3600530907304
3600530907328
3600530924424
3600530958023
3600530958030
3600530958047
3600530958085
3600530958092
3600530958122
3600530958139
3600530958153
3600530958214
3600530968169
3600530968183
3600531030049
3600531030063
3600531030124
3600531038250
3600531040185
3600531044848
3600531051686
3600531061098
3600531070199
3600531070205
3600531070229
3600531072179
3600531085377
3600531086459
3600531087395
3600531129293
3600531144692
3600531169039
3600531195038
3600531209704
3600531222925
3600531222932
3600531224424
3600531224448
3600531224462
3600531224516
3600531292560
3600531294663
3600531300357
3600531303082
3600531309275
3600531309282
3600531310349
3600531318949
3600531322106
3600531322168
3600531324568
3600531324896
3600531335793
3600531339319
3600531340803
3600531340865
3600531349752
3600531349776
3600531349790
3600531352349
3600531352431
3600531355432
3600531359072
3600531359850
3600531361006
3600531361495
3600531362812
3600531362829
3600531362836
3600531362843
3600531362867
3600531363857
3600531365837
3600531366964
3600531367244
3600531367251
3600531367954
3600531367961
3600531369361
3600531369392
3600531369408
3600531369453
3600531369484
3600531371678
3600531371685
3600531376772
3600531379735
3600531384043
3600531388126
3600531388164
3600531393649
3600531393687
3600531393724
3600531393748
3600531393786
3600531393809
3600531393847
3600531393878
3600531395506
3600531395513
3600531395520
3600531395537
3600531395544
3600531395551
3600531400309
3600531400316
3600531401115
3600531411091
3600531411145
3600531413019
3600531413033
3600531413521
3600531413538
3600531414597
3600531414603
3600531414665
3600531417291
3600531417307
3600531422264
3600531422967
3600531422974
3600531422981
3600531422998
3600531423001
3600531423018
3600531423032
3600531423049
3600531429539
3600531434625
3600531443368
3600531443412
3600531443511
3600531453404
3600531453428
3600531453435
3600531453459
3600531453473
3600531453497
3600531461614
3600531461669
3600531461683
3600531461744
3600531461775
3600531464141
3600531464257
3600531465216
3600531469429
3600531469436
3600531469467
3600531482169
3600531505813
3600531505820
3600531505844
3600531505868
3600531505882
3600531507244
3600531507268
3600531513412
3600531513450
3600531513474
3600531524159
3600531524166
3600531524180
3600531524203
3600531529000
3600531529017
3600531531119
3600531531133
3600531531164
3600531539900
3600531543310
3600531543334
3600531543341
3600531543358
3600531543365
3600531544638
3600531546410
3600531548773
3600531549374
3600531549381
3600531553333
3600531553357
3600531553388
3600531554156
3600531554187
3600531554286
3600531554293
3600531561277
3600531561307
3600531579050
3600531581466
3600531589301
3600531589332
3600531589356
3600531589370
3600531589448
3600531591304
3600531591342
3600531606497
3600531606503
3600531606527
3600531609719
3600531609757
3600531624804
3600531630164
3600531630218
3600531630317
3600531630416
3600531631383
3600531631390
3600531632328
3600531632335
3600531632342
3600531632359
3600531632373
3600531632403
3600531632427
3600531632458
3600531632489
3600531632519
3600531632533
3600531632649
3600531632717
3600531632724
3600531639501
3600531639518
3600531639525
3600531639600
3600531640224
3600531640262
3600531640286
3600531643171
3600531643188
3600531647919
3600531647926
3600531647933
3600531647940
3600531647964
3600531647971
3600531647988
3600531648008
3600531648039
3600531648060
3600531650704
3600531650711
3600531650728
3600531650735
3600531650742
3600531650759
3600531651206
3600531652272
3600531652289
3600531652296
3600531652432
3600531655310
3600531662400
3600531663322
3600531663346
3600531666606
3600531666613
3600531666651
3600531666675
3600531666699
3600531666705
3600531666729
3600531668402
3600531668419
3600531668464
3600531668495
3600531672478
3600531672485
3600531672638
3600531679668
3600531679675
3600531681562
3600531687175
3600531687199
3600531687922
3600531691943
3600531702526
3600531702816
3600531710774
3600531710781
3607342191006
3607342372986
3607342596184
3607342952775
3607344574654
3607345379104
3607349610319
3607349610418
3607349840747
3614220013107
3614220672083
3614220954097
3614220954134
3614221353257
3614222985624
3614222986072
3614222986089
3614222986096
3614222986119
3614222986126
3614223395507
3614223395514
3614223427468
3614223427475
3614223714490
3614223912162
3614224076528
3614224079536
3614224217747
3614224843908
3614224874414
3614224874445
3614224874452
3614225451614
3614225451621
3614225463709
3614225851568
3614225851575
3614225851674
3614225975356
3614225975363
3614225975370
3614225975387
3614225975424
3614225975455
3614225975462
3614225975486
3614225975493
3614225975509
3614225979859
3614225979910
3614226323026
3614226471208
3614226471222
3614226675897
3614226899736
3614227631182
3614227786325
3614227786363
3614227786370
3614227902213
3614227914797
3614227923454
3614227924307
3614227927421
3614227927483
3614227927506
3614227962903
3614228081153
3614228081191
3614228342506
3614228342520
3614228342537
3614228342544
3614228342551
3614228342568
3614228342575
3614228342582
3614228342599
3614228412100
3614228412117
3614228412131
3614228412148
3614228412162
3614228412179
3614228412537
3614228412988
3614228412995
3614228413411
3614228413428
3614228413442
3614228413459
3614228413466
3614228413473
3614228689908
3614229180992
3614229310016
3614229310030
3614229310047
3614229310078
3614229455427
3614229455434
3614229455441
3614229455458
3614229458398
3614229764772
3616301231066
3616301231080
3616301231158
3616301231165
3616301231196
3616301245766
3616301245797
3616301245810
3616301265238
3616301289654
3616301289661
3616301289685
3616301524502
3616301524519
3616301901822
3616302484904
3616302638604
3616302638628
3616302638635
3616302638642
3616302638703
3616302638741
3616302638758
3616302638772
3616302732753
3616302732760
3616302732777
3616302970353
3616302989638
3616302989676
3616302989683
3616302989911
3616302990122
3616302990139
3616302990160
3616302990177
3616302990184
3616302990207
3616302990214
3616302990221
3616302990610
3616302990627
3616302990672
3616303072292
3616303184285
3616303184292
3616303184308
3616303252564
3616303252571
3616303252625
3616303252632
3616303252649
3616303252656
3616303269876
3616303397166
3616303397173
3616303397197
3616303397203
3616303397241
3616303397265
3616303397272
3616303397302
3616303397319
3616303397326
3616303397364
3616303397371
3616303398934
3616303406899
3616303415471
3616303915155
3616303915162
3616303915179
3616303915308
3616303915322
3616303931131
3616304545078
3616304545108
3616304545115
3616304615009
3616304615054
3616304615108
3616304615153
3616304615207
3616304615252
3616304779695
3616304779701
3616304779732
3663691000079
3663691000086
4015400903925
4015600628680
4084500694293
5011408089080
5011408089547
5011408089554
5011408090185
5011408090208
5011408090437
5011408132199
5019301038075
5019301038082
5021044096656
5021044098032
5021044102142
5021044102180
5021044104696
5021044105426
5021044105853
5021044110215
5021044113827
5021044113834
5021044114091
5021044114664
5021044115159
5021044117153
5021044117160
5021044119478
5021044119522
5021044119560
5021044119577
5021044119591
5021044119607
5021044123666
5021044123680
5021044126476
5021044127381
5021044128401
5021044128593
5021044128609
5021044128784
5021044140441
5057566125710
5057566125727
5057566202695
5057566263542
5057566273107
5057566273121
5057566276597
5057566289733
5057566351720
5057566370936
5057566487948
5057566556019
5057566589086
5057566590693
5057566592246
5057566595735
5057566595780
5057566617888
5057566646659
641628007257
641628401048
641628401819
8005610434049
8005610434124
8005610434162
8005610463452
8005610545158
8005610629520
8005610629810
800897004644
800897004651
800897007294
800897007348
800897007355
800897016869
800897016876
800897016883
800897017460
800897017965
800897017972
800897018009
800897018016
800897018047
800897019204
800897043896
800897043902
800897043919
800897043926
800897043933
800897043964
800897043971
800897051006
800897051662
800897064112
800897064211
800897064259
800897064389
800897068936
800897068974
800897072322
800897077877
800897077884
800897079239
800897081263
800897085421
800897085469
800897092504
800897092535
800897092542
800897103132
800897104702
800897108014
800897108120
800897108137
800897108168
800897108342
800897108359
800897108366
800897109165
800897120214
800897123284
800897123314
800897126445
800897129705
800897130831
800897137403
800897138189
800897139599
800897140434
800897141196
800897143473
800897143558
800897143596
800897143602
800897144135
800897145507
800897169862
800897170141
800897170158
800897170165
800897170172
800897170189
800897170196
800897170202
800897170219
800897170226
800897170233
800897170240
800897170257
800897170486
800897170493
800897170509
800897170547
800897170639
800897170745
800897170851
800897172213
800897172220
800897172237
800897182304
800897182588
800897183912
800897184377
800897184599
800897185039
800897185688
800897186166
800897188276
800897188313
800897188320
800897190613
800897190668
800897190682
800897191313
800897192167
800897196981
800897196998
800897197018
800897197049
800897197087
800897197100
800897197117
800897197124
800897197131
800897197322
800897197339
800897197346
800897197445
800897197452
800897197919
800897198060
800897198107
800897198237
800897198244
800897198251
800897203788
800897206482
800897206505
800897211264
800897211271
800897211622
800897211639
800897211646
800897212216
800897216818
800897221614
800897221621
800897221683
800897221706
800897221713
800897223441
800897223489
800897223496
800897223502
800897223519
800897223526
800897223533
800897233662
800897247904
800897808723
800897814823
800897828332
800897830717
800897839413
800897839444
800897839482
800897845575
800897845582
800897845636
800897845841
800897845858
800897846008
800897846763
800897846770
800897846794
800897847616
800897847678
800897848965
8710908812576
8886467002076
8886467073410
96007242
96137529
96137581
